339.5	0.001
340	0.001
340.5	0.001
341	0.001
341.5	0.001
342	0.001
342.5	0.001
343	0.001
343.5	0.001
344	3.569
344.5	2.14
345	1.99
345.5	1.797
346	2.357
346.5	2.204
347	1.732
347.5	1.431
348	1.362
348.5	1.562
349	1.95
349.5	1.952
350	1.92
350.5	1.81
351	1.718
351.5	1.648
352	1.785
352.5	1.949
353	1.998
353.5	2.21
354	2.326
354.5	2.637
355	3.004
355.5	3.098
356	3.222
356.5	3.146
357	2.619
357.5	2.203
358	2.071
358.5	2.228
359	2.499
359.5	2.483
360	2.369
360.5	2.389
361	2.422
361.5	2.644
362	2.824
362.5	3.024
363	3.067
363.5	2.818
364	2.362
364.5	2.016
365	2.021
365.5	2.275
366	2.403
366.5	2.33
367	2.078
367.5	1.946
368	1.896
368.5	1.981
369	2.034
369.5	2.127
370	2.19
370.5	2.227
371	2.255
371.5	2.397
372	2.63
372.5	2.699
373	2.641
373.5	2.464
374	2.338
374.5	2.252
375	2.163
375.5	2.171
376	2.192
376.5	2.191
377	2.228
377.5	2.384
378	2.511
378.5	2.641
379	2.504
379.5	2.342
380	2.292
380.5	2.346
381	2.484
381.5	2.563
382	2.445
382.5	2.348
383	2.33
383.5	2.367
384	2.436
384.5	2.331
385	2.262
385.5	2.26
386	2.273
386.5	2.329
387	2.299
387.5	2.354
388	2.369
388.5	2.361
389	2.405
389.5	2.434
390	2.478
390.5	2.578
391	2.597
391.5	2.569
392	2.589
392.5	2.611
393	2.714
393.5	2.79
394	2.716
394.5	2.592
395	2.59
395.5	2.519
396	2.451
396.5	2.411
397	2.416
397.5	2.5
398	2.588
398.5	2.626
399	2.622
399.5	2.633
400	2.654
400.5	2.663
401	2.75
401.5	2.813
402	2.854
402.5	2.917
403	2.951
403.5	2.948
404	2.899
404.5	2.793
405	2.678
405.5	2.655
406	2.658
406.5	2.722
407	2.789
407.5	2.837
408	2.893
408.5	2.968
409	3.056
409.5	3.118
410	3.113
410.5	3.108
411	3.118
411.5	3.155
412	3.204
412.5	3.25
413	3.237
413.5	3.257
414	3.251
414.5	3.281
415	3.343
415.5	3.406
416	3.445
416.5	3.445
417	3.447
417.5	3.427
418	3.458
418.5	3.488
419	3.481
419.5	3.468
420	3.441
420.5	3.443
421	3.461
421.5	3.517
422	3.609
422.5	3.706
423	3.801
423.5	3.848
424	3.853
424.5	3.841
425	3.799
425.5	3.799
426	3.843
426.5	3.892
427	3.995
427.5	4.074
428	4.13
428.5	4.154
429	4.129
429.5	4.066
430	4.007
430.5	3.998
431	4.019
431.5	4.062
432	4.128
432.5	4.194
433	4.248
433.5	4.272
434	4.271
434.5	4.237
435	4.217
435.5	4.185
436	4.198
436.5	4.195
437	4.266
437.5	4.326
438	4.421
438.5	4.506
439	4.553
439.5	4.576
440	4.534
440.5	4.495
441	4.495
441.5	4.555
442	4.657
442.5	4.753
443	4.797
443.5	4.796
444	4.76
444.5	4.734
445	4.721
445.5	4.724
446	4.737
446.5	4.746
447	4.781
447.5	4.851
448	4.918
448.5	4.96
449	4.987
449.5	4.977
450	4.965
450.5	4.953
451	4.951
451.5	4.998
452	5.046
452.5	5.082
453	5.085
453.5	5.054
454	5.05
454.5	5.071
455	5.136
455.5	5.209
456	5.263
456.5	5.278
457	5.28
457.5	5.292
458	5.307
458.5	5.349
459	5.386
459.5	5.394
460	5.402
460.5	5.388
461	5.407
461.5	5.429
462	5.452
462.5	5.469
463	5.512
463.5	5.587
464	5.638
464.5	5.678
465	5.67
465.5	5.653
466	5.665
466.5	5.679
467	5.689
467.5	5.705
468	5.702
468.5	5.692
469	5.711
469.5	5.74
470	5.777
470.5	5.829
471	5.877
471.5	5.912
472	5.934
472.5	5.931
473	5.918
473.5	5.934
474	5.989
474.5	6.028
475	6.079
475.5	6.091
476	6.088
476.5	6.109
477	6.122
477.5	6.153
478	6.174
478.5	6.19
479	6.198
479.5	6.224
480	6.227
480.5	6.216
481	6.23
481.5	6.252
482	6.302
482.5	6.36
483	6.366
483.5	6.371
484	6.362
484.5	6.362
485	6.374
485.5	6.381
486	6.397
486.5	6.423
487	6.449
487.5	6.477
488	6.505
488.5	6.536
489	6.588
489.5	6.624
490	6.651
490.5	6.673
491	6.681
491.5	6.707
492	6.741
492.5	6.779
493	6.822
493.5	6.848
494	6.882
494.5	6.923
495	6.981
495.5	7.039
496	7.086
496.5	7.145
497	7.194
497.5	7.237
498	7.264
498.5	7.259
499	7.252
499.5	7.249
500	7.262
500.5	7.289
501	7.326
501.5	7.38
502	7.427
502.5	7.489
503	7.554
503.5	7.597
504	7.644
504.5	7.685
505	7.75
505.5	7.839
506	7.924
506.5	7.971
507	7.972
507.5	7.957
508	7.965
508.5	8.012
509	8.076
509.5	8.142
510	8.188
510.5	8.23
511	8.269
511.5	8.285
512	8.286
512.5	8.289
513	8.303
513.5	8.327
514	8.344
514.5	8.373
515	8.41
515.5	8.44
516	8.427
516.5	8.365
517	8.297
517.5	8.245
518	8.265
518.5	8.328
519	8.398
519.5	8.491
520	8.578
520.5	8.659
521	8.749
521.5	8.828
522	8.886
522.5	8.914
523	8.935
523.5	8.948
524	8.976
524.5	9.028
525	9.074
525.5	9.096
526	9.076
526.5	9.025
527	9
527.5	9.026
528	9.118
528.5	9.253
529	9.362
529.5	9.455
530	9.524
530.5	9.579
531	9.634
531.5	9.655
532	9.631
532.5	9.585
533	9.572
533.5	9.596
534	9.654
534.5	9.717
535	9.781
535.5	9.836
536	9.881
536.5	9.902
537	9.905
537.5	9.924
538	9.979
538.5	10.01
539	10.009
539.5	9.991
540	9.949
540.5	9.939
541	9.973
541.5	10.025
542	10.099
542.5	10.166
543	10.213
543.5	10.262
544	10.312
544.5	10.371
545	10.421
545.5	10.456
546	10.488
546.5	10.511
547	10.526
547.5	10.56
548	10.596
548.5	10.65
549	10.719
549.5	10.774
550	10.806
550.5	10.828
551	10.838
551.5	10.841
552	10.864
552.5	10.919
553	10.965
553.5	11.004
554	11.041
554.5	11.073
555	11.113
555.5	11.164
556	11.195
556.5	11.192
557	11.19
557.5	11.188
558	11.165
558.5	11.137
559	11.112
559.5	11.111
560	11.148
560.5	11.196
561	11.255
561.5	11.309
562	11.355
562.5	11.406
563	11.448
563.5	11.459
564	11.467
564.5	11.459
565	11.44
565.5	11.434
566	11.438
566.5	11.439
567	11.444
567.5	11.445
568	11.456
568.5	11.487
569	11.519
569.5	11.542
570	11.553
570.5	11.549
571	11.556
571.5	11.585
572	11.609
572.5	11.645
573	11.694
573.5	11.74
574	11.781
574.5	11.797
575	11.802
575.5	11.8
576	11.795
576.5	11.815
577	11.84
577.5	11.874
578	11.921
578.5	11.954
579	11.973
579.5	11.996
580	12.027
580.5	12.064
581	12.116
581.5	12.182
582	12.234
582.5	12.263
583	12.281
583.5	12.284
584	12.304
584.5	12.337
585	12.359
585.5	12.378
586	12.393
586.5	12.407
587	12.426
587.5	12.435
588	12.427
588.5	12.427
589	12.427
589.5	12.452
590	12.496
590.5	12.536
591	12.573
591.5	12.614
592	12.658
592.5	12.686
593	12.705
593.5	12.701
594	12.698
594.5	12.715
595	12.736
595.5	12.765
596	12.803
596.5	12.854
597	12.912
597.5	12.953
598	12.978
598.5	12.999
599	13.013
599.5	13.03
600	13.031
600.5	13.009
601	13.005
601.5	13.027
602	13.069
602.5	13.134
603	13.18
603.5	13.228
604	13.271
604.5	13.31
605	13.339
605.5	13.364
606	13.401
606.5	13.414
607	13.43
607.5	13.441
608	13.439
608.5	13.455
609	13.474
609.5	13.481
610	13.488
610.5	13.5
611	13.52
611.5	13.543
612	13.572
612.5	13.595
613	13.62
613.5	13.67
614	13.718
614.5	13.758
615	13.774
615.5	13.779
616	13.784
616.5	13.786
617	13.813
617.5	13.848
618	13.881
618.5	13.95
619	14.012
619.5	14.058
620	14.118
620.5	14.155
621	14.186
621.5	14.21
622	14.216
622.5	14.238
623	14.283
623.5	14.34
624	14.385
624.5	14.387
625	14.338
625.5	14.314
626	14.334
626.5	14.398
627	14.515
627.5	14.604
628	14.637
628.5	14.634
629	14.619
629.5	14.63
630	14.667
630.5	14.73
631	14.774
631.5	14.786
632	14.794
632.5	14.809
633	14.841
633.5	14.865
634	14.894
634.5	14.938
635	14.98
635.5	15.021
636	15.065
636.5	15.075
637	15.074
637.5	15.096
638	15.132
638.5	15.185
639	15.236
639.5	15.265
640	15.291
640.5	15.328
641	15.388
641.5	15.435
642	15.449
642.5	15.462
643	15.458
643.5	15.498
644	15.539
644.5	15.538
645	15.537
645.5	15.52
646	15.52
646.5	15.552
647	15.593
647.5	15.638
648	15.68
648.5	15.7
649	15.709
649.5	15.746
650	15.796
650.5	15.873
651	15.934
651.5	15.959
652	15.966
652.5	15.947
653	15.98
653.5	16.049
654	16.134
654.5	16.202
655	16.213
655.5	16.211
656	16.196
656.5	16.235
657	16.29
657.5	16.323
658	16.359
658.5	16.351
659	16.34
659.5	16.355
660	16.375
660.5	16.4
661	16.451
661.5	16.487
662	16.498
662.5	16.541
663	16.577
663.5	16.627
664	16.715
664.5	16.785
665	16.827
665.5	16.84
666	16.841
666.5	16.845
667	16.853
667.5	16.845
668	16.81
668.5	16.78
669	16.795
669.5	16.84
670	16.93
670.5	16.987
671	17.011
671.5	17.054
672	17.081
672.5	17.153
673	17.223
673.5	17.258
674	17.293
674.5	17.333
675	17.359
675.5	17.392
676	17.41
676.5	17.378
677	17.347
677.5	17.344
678	17.374
678.5	17.442
679	17.538
679.5	17.608
680	17.615
680.5	17.632
681	17.657
681.5	17.66
682	17.712
682.5	17.762
683	17.791
683.5	17.85
684	17.867
684.5	17.871
685	17.901
685.5	17.906
686	17.977
686.5	18.081
687	18.115
687.5	18.133
688	18.132
688.5	18.141
689	18.191
689.5	18.256
690	18.306
690.5	18.337
691	18.37
691.5	18.424
692	18.474
692.5	18.486
693	18.517
693.5	18.594
694	18.702
694.5	18.819
695	18.918
695.5	18.951
696	18.931
696.5	18.917
697	18.94
697.5	18.956
698	18.99
698.5	19.049
699	19.07
699.5	19.132
700	19.215
700.5	19.27
701	19.319
701.5	19.356
702	19.387
702.5	19.436
703	19.51
703.5	19.598
704	19.677
704.5	19.73
705	19.783
705.5	19.843
706	19.887
706.5	19.934
707	19.979
707.5	19.987
708	20.019
708.5	20.094
709	20.147
709.5	20.201
710	20.256
710.5	20.287
711	20.33
711.5	20.393
712	20.452
712.5	20.51
713	20.533
713.5	20.547
714	20.576
714.5	20.612
715	20.675
715.5	20.749
716	20.794
716.5	20.815
717	20.883
717.5	20.961
718	21.072
718.5	21.232
719	21.324
719.5	21.356
720	21.367
720.5	21.374
721	21.404
721.5	21.452
722	21.513
722.5	21.563
723	21.616
723.5	21.683
724	21.751
724.5	21.839
725	21.939
725.5	22.03
726	22.127
726.5	22.197
727	22.258
727.5	22.314
728	22.367
728.5	22.432
729	22.488
729.5	22.541
730	22.636
730.5	22.715
731	22.785
731.5	22.84
732	22.883
732.5	22.939
733	22.98
733.5	23.029
734	23.058
734.5	23.066
735	23.112
735.5	23.19
736	23.285
736.5	23.378
737	23.436
737.5	23.472
738	23.532
738.5	23.613
739	23.713
739.5	23.812
740	23.901
740.5	23.994
741	24.041
741.5	24.071
742	24.083
742.5	24.046
743	24.042
743.5	24.108
744	24.211
744.5	24.302
745	24.391
745.5	24.428
746	24.442
746.5	24.486
747	24.532
747.5	24.606
748	24.673
748.5	24.71
749	24.781
749.5	24.878
750	25.003
750.5	25.128
751	25.201
751.5	25.256
752	25.304
752.5	25.312
753	25.347
753.5	25.369
754	25.383
754.5	25.471
755	25.543
755.5	25.598
756	25.663
756.5	25.68
757	25.696
757.5	25.738
758	25.735
758.5	25.734
759	25.763
759.5	25.829
760	25.973
760.5	26.179
761	26.395
761.5	26.539
762	26.677
762.5	26.787
763	26.835
763.5	26.829
764	26.772
764.5	26.697
765	26.651
765.5	26.669
766	26.641
766.5	26.594
767	26.617
767.5	26.611
768	26.611
768.5	26.668
769	26.697
769.5	26.699
770	26.668
770.5	26.623
771	26.662
771.5	26.768
772	26.895
772.5	27
773	27.023
773.5	26.989
774	26.968
774.5	26.973
775	26.996
775.5	27.032
776	27.096
776.5	27.238
777	27.374
777.5	27.45
778	27.51
778.5	27.507
779	27.487
779.5	27.502
780	27.508
780.5	27.474
781	27.466
781.5	27.471
782	27.47
782.5	27.487
783	27.523
783.5	27.567
784	27.678
784.5	27.833
785	27.971
785.5	28.062
786	28.074
786.5	28.044
787	27.979
787.5	27.902
788	27.896
788.5	27.938
789	27.99
789.5	28.082
790	28.166
790.5	28.245
791	28.325
791.5	28.413
792	28.502
792.5	28.572
793	28.651
793.5	28.726
794	28.73
794.5	28.674
795	28.551
795.5	28.452
796	28.445
796.5	28.521
797	28.658
797.5	28.719
798	28.696
798.5	28.678
799	28.697
799.5	28.778
800	28.89
800.5	28.948
801	28.967
801.5	29.016
802	29.033
802.5	29.036
803	29.093
803.5	29.134
804	29.145
804.5	29.171
805	29.157
805.5	29.153
806	29.234
806.5	29.374
807	29.494
807.5	29.45
808	29.38
808.5	29.348
809	29.358
809.5	29.493
810	29.641
810.5	29.607
811	29.546
811.5	29.497
812	29.51
812.5	29.644
813	29.789
813.5	29.785
814	29.719
814.5	29.685
815	29.721
815.5	29.826
816	30.024
816.5	30.155
817	30.2
817.5	30.268
818	30.298
818.5	30.261
819	30.216
819.5	30.224
820	30.25
820.5	30.299
821	30.321
821.5	30.312
822	30.419
822.5	30.512
823	30.642
823.5	30.767
824	30.671
824.5	30.587
825	30.602
825.5	30.624
826	30.595
826.5	30.539
827	30.504
827.5	30.454
828	30.54
828.5	30.71
829	30.829
829.5	30.947
830	31.018
830.5	31.033
831	31.068
831.5	31.098
832	31.103
832.5	31.158
833	31.194
833.5	31.099
834	31.07
834.5	31.088
835	31.099
835.5	31.129
836	31.108
836.5	31.095
837	31.07
837.5	31.042
838	31.088
838.5	31.106
839	31.147
839.5	31.331
840	31.446
840.5	31.529
841	31.578
841.5	31.577
842	31.522
842.5	31.364
843	31.196
843.5	31.193
844	31.279
844.5	31.454
845	31.763
845.5	31.896
846	31.862
846.5	31.824
847	31.764
847.5	31.766
848	31.756
848.5	31.799
849	31.828
849.5	31.786
850	31.794
850.5	31.81
851	31.806
851.5	31.892
852	31.944
852.5	31.964
853	32.062
853.5	32.131
854	32.205
854.5	32.46
855	32.666
855.5	32.769
856	32.715
856.5	32.394
857	31.905
857.5	31.567
858	31.534
858.5	31.691
859	32.033
859.5	32.426
860	32.476
860.5	32.349
861	32.424
861.5	32.457
862	32.466
862.5	32.63
863	32.76
863.5	32.828
864	32.928
864.5	33.008
865	32.984
865.5	32.746
866	32.444
866.5	32.228
867	32.156
867.5	32.248
868	32.415
868.5	32.678
869	32.929
869.5	33.034
870	33.007
870.5	32.937
871	32.649
871.5	32.351
872	32.313
872.5	32.507
873	32.736
873.5	33
874	33.271
874.5	33.351
875	33.289
875.5	33.374
876	33.492
876.5	33.601
877	33.736
877.5	33.814
878	33.682
878.5	33.459
879	33.194
879.5	33.027
880	33.098
880.5	33.233
881	33.449
881.5	33.801
882	33.899
882.5	33.71
883	33.506
883.5	33.324
884	33.294
884.5	33.534
885	33.798
885.5	33.856
886	33.812
886.5	33.777
887	33.737
887.5	33.831
888	33.94
888.5	33.935
889	33.893
889.5	33.91
890	33.772
890.5	33.496
891	33.323
891.5	33.191
892	33.081
892.5	33.118
893	33.262
893.5	33.408
894	33.616
894.5	33.75
895	33.596
895.5	33.471
896	33.474
896.5	33.353
897	33.362
897.5	33.539
898	33.517
898.5	33.385
899	33.346
899.5	33.282
900	33.043
900.5	32.654
901	32.534
901.5	32.466
902	32.325
902.5	32.507
903	33.003
903.5	33.343
904	33.723
904.5	34.178
905	34.325
905.5	34.341
906	34.402
906.5	34.423
907	34.468
907.5	34.408
908	34.141
908.5	33.903
909	33.597
909.5	33.304
910	33.375
910.5	33.752
911	34.015
911.5	34.202
912	34.346
912.5	34.301
913	34.086
913.5	33.825
914	33.548
914.5	33.617
915	33.788
915.5	33.934
916	34.283
916.5	34.401
917	34.439
917.5	34.597
918	34.624
918.5	34.779
919	34.633
919.5	34.499
920	34.564
920.5	34.524
921	34.445
921.5	34.306
922	33.919
922.5	33.761
923	33.965
923.5	34.157
924	34.371
924.5	34.712
925	34.772
925.5	34.729
926	34.701
926.5	34.559
927	34.428
927.5	34.393
928	34.63
928.5	35.135
929	35.419
929.5	35.33
930	34.945
930.5	34.386
931	33.728
931.5	33.448
932	33.705
932.5	33.798
933	33.458
933.5	33.177
934	32.725
934.5	32.406
935	32.737
935.5	33.246
936	33.311
936.5	33.559
937	33.985
937.5	33.729
938	33.181
938.5	32.799
939	32.364
939.5	32.077
940	31.951
940.5	32.087
941	32.528
941.5	33.29
942	33.99
942.5	33.732
943	32.748
943.5	31.752
944	31.496
944.5	32.55
945	33.325
945.5	33.441
946	32.867
946.5	32.368
947	32.809
947.5	34.17
948	35.236
948.5	35.392
949	35.031
949.5	34.602
950	33.963
950.5	33.687
951	33.542
951.5	33.568
952	34.038
952.5	34.455
953	34.555
953.5	34.797
954	34.866
954.5	34.552
955	33.759
955.5	32.416
956	30.571
956.5	29.555
957	29.957
957.5	31.203
958	33.125
958.5	34.83
959	35.885
959.5	36.538
960	36.532
960.5	36.146
961	34.991
961.5	33.792
962	32.985
962.5	32.552
963	32.432
963.5	32.882
964	33.717
964.5	34.531
965	35.116
965.5	35.108
966	34.426
966.5	33.712
967	33.111
967.5	32.959
968	33.083
968.5	33.02
969	32.66
969.5	32.141
970	31.747
970.5	31.813
971	31.824
971.5	31.648
972	31.529
972.5	31.033
973	29.774
973.5	29.156
974	29.282
974.5	30.119
975	31.361
975.5	32.849
976	33.413
976.5	33.119
977	33.094
977.5	33.594
978	33.802
978.5	33.903
979	33.804
979.5	33.139
980	32.116
980.5	31.512
981	31.037
981.5	30.699
982	30.698
982.5	31.108
983	31.825
983.5	32.049
984	32.317
984.5	32.78
985	32.2
985.5	31.086
986	30.083
986.5	28.937
987	28.742
987.5	29.681
988	30.419
988.5	30.827
989	30.995
989.5	30.773
990	30.584
990.5	30.277
991	30.198
991.5	29.582
992	29.25
992.5	29.532
993	29.717
993.5	29.635
994	30.079
994.5	30.387
995	30.64
995.5	31.496
996	31.144
996.5	30.549
997	30.655
997.5	30.642
998	30.683
998.5	30.814
999	30.708
999.5	30.328
1e3	29.89
1000.5	29.694
1001	30.766
1001.5	32.596
1002	33.658
1002.5	32.995
1003	31.818
1003.5	30.58
1004	30.44
1004.5	32.569
1005	35.288
1005.5	36.535
1006	35.684
1006.5	34.086
1007	33.323
1007.5	32.492
1008	31.256
1008.5	29.79
1009	28.679
1009.5	27.775
1010	28.222
1010.5	29.608
1011	30.468
1011.5	30.358
1012	30.52
1012.5	30.621
1013	30.09
1013.5	30.441
1014	30.882
1014.5	30.154
1015	28.066
1015.5	27.378
1016	27.527
1016.5	27.845
1017	30.713
1017.5	33.783
1018	34.71
1018.5	36.249
1019	35.691
1019.5	33.039
1020	32.733
1020.5	31.731
1021	31.194
1021.5	32.257
1022	31.908
1022.5	30.188
1023	28.613
1023.5	27.333
1024	26.574
1024.5	26.667
1025	28.079
1025.5	28.772
1026	28.236
1026.5	28.505
1027	29.499
1027.5	29.74
1028	30.364
1028.5	30.47
1029	30.27
1029.5	30.098
1030	30.142
1030.5	29.325
1031	28.692
1031.5	29.666
1032	31.192
1032.5	32.456
1033	33.914
1033.5	33.344
1034	29.961
1034.5	26.535
1035	23.554
1035.5	21.725
1036	20.579
1036.5	21.765
1037	24.648
1037.5	28.399
1038	34.361
1038.5	39.673
1039	42.406
1039.5	43.373
1040	43.176
1040.5	41.595
1041	39.371
1041.5	36.529
1042	31.088
1042.5	21.868
1043	14.282
1043.5	10.847
1044	10.729
1044.5	15.777
1045	24.748
1045.5	30.453
1046	33.032
1046.5	37.48
1047	39.221
1047.5	35.5
1048	30.379
1048.5	24.145
1049	19.503
1049.5	18.378
1050	18.496
1050.5	19.764
1051	20.884
1051.5	20.144
1052	20.366
1052.5	22.259
1053	22.854
1053.5	24.019
1054	28.861
1054.5	36.519
1055	40.722
1055.5	42.06
1056	38.241
1056.5	30.303
1057	23.528
1057.5	19.607
1058	19.005
1058.5	20.776
1059	21.994
1059.5	22.828
1060	22.636
1060.5	20.848
1061	18.133
1061.5	17.18
1062	17.086
1062.5	18.576
1063	21.84
1063.5	23.635
1064	26.286
1064.5	30.062
1065	30.159
1065.5	26
1066	20.5
1066.5	15.535
1067	14.848
1067.5	15.101
1068	17.91
1068.5	20.275
1069	21.328
1069.5	19.705
1070	19.761
1070.5	21.712
1071	25.191
1071.5	32.078
1072	38.687
1072.5	40.109
1073	36.738
1073.5	25.368
1074	14.341
1074.5	11.425
1075	13.445
1075.5	18.238
1076	24.292
1076.5	27.075
1077	20.861
1077.5	9.674
1078	0.124
1078.5	-7.051
1079	-8.663
1079.5	-0.867
1080	8.748
1080.5	18.443
1081	23.596
1081.5	23.507
1082	23.154
1082.5	19.164
1083	9.586
1083.5	1.199
1084	-1.126
1084.5	-0.854
1085	6.522
1085.5	15.939
1086	20.673
1086.5	21.798
1087	21.135
1087.5	20.444
1088	23.257
1088.5	27.153
1089	31.21
1089.5	31.243
1090	24.94
1090.5	17.112
1091	12.575
1091.5	10.775
1092	12.898
1092.5	17.761
1093	24.158
1093.5	25.065
1094	22.186
1094.5	18.214
1095	12.58
1095.5	7.947
1096	10.101
1096.5	17.791
1097	26.213
1097.5	27.099
1098	19.9
1098.5	11.939
1099	4.842
1099.5	-2.318
1100	-4.244
1100.5	2.423
1101	10.448
1101.5	17.418
1102	27.005
1102.5	36.093
1103	37.704
1103.5	37.41
1104	37.844
1104.5	33.038
1105	24.188
1105.5	21.84
1106	18.41
1106.5	11.757
1107	12.92
1107.5	16.911
1108	12.566
1108.5	7.059
1109	1.7
1109.5	-5.922
1110	-6.236
1110.5	-1.326
1111	-1.939
1111.5	-0.677
1112	3.979
1112.5	3.708
1113	5.79
1113.5	9.525
1114	12.705
1114.5	13.665
1115	18.514
1115.5	28.294
1116	34.525
1116.5	36.503
1117	33.653
1117.5	19.66
1118	3.63
1118.5	-5.58
1119	-12.238
1119.5	-8.204
1120	4.505
1120.5	11.858
1121	12.909
1121.5	13.731
1122	12.483
1122.5	12.022
1123	14.022
1123.5	14.776
1124	13.874
1124.5	14.51
1125	12.344
1125.5	10.681
1126	10.922
1126.5	10.77
1127	5.159
1127.5	6.072
1128	11.27
1128.5	15.11
1129	18.706
1129.5	19.484
1130	17.604
1130.5	17.608
1131	20.597
1131.5	29.489
1132	36.933
1132.5	38.593
1133	36.808
1133.5	30.02
1134	17.158
1134.5	9.834
1135	7.969
1135.5	11.319
1136	14.023
1136.5	12.757
1137	11.561
1137.5	10.097
1138	6.011
1138.5	3.533
1139	4.001
1139.5	5.045
1140	9.841
1140.5	16.431
1141	20.412
1141.5	20.389
1142	19.279
1142.5	13.9
1143	11.144
1143.5	12.672
1144	19.011
1144.5	20.848
1145	16.699
1145.5	12.626
1146	8.645
1146.5	0.691
1147	-0.87
1147.5	5.942
1148	10.103
1148.5	13.688
1149	17.351
1149.5	18.726
1150	25.555
1150.5	33.85
1151	39.423
1151.5	46.648
1152	48.632
1152.5	36.868
1153	22.924
1153.5	10.884
1154	3.415
1154.5	4.217
1155	8.456
1155.5	12.339
1156	16.151
1156.5	16.492
1157	16.025
1157.5	19.116
1158	23.967
1158.5	26.199
1159	19.635
1159.5	12.362
1160	5.113
1160.5	-5.428
1161	-10.6
1161.5	-8.057
1162	-4.963
1162.5	-1.287
1163	5.803
1163.5	14.37
1164	18.668
1164.5	16.644
1165	13.091
1165.5	10.376
1166	10.594
1166.5	15.691
1167	25.396
1167.5	28.515
1168	26.076
1168.5	16.685
1169	3.582
1169.5	-9.698
1170	-14.805
1170.5	-13.556
1171	-8.512
1171.5	0.088
1172	9.64
1172.5	18.714
1173	25.25
1173.5	25.304
1174	18.747
1174.5	10.761
1175	1.314
1175.5	-1.139
1176	7.712
1176.5	19.897
1177	44.417
1177.5	0
